IO, 02, 2002050906,   , BEST,   0,  84N,  955E,  25, 1002, TD,  35, NEQ,    0,    0,    0,    0, 1006,  125,  45,   0,   0, 
IO, 02, 2002050912,   , BEST,   0,  89N,  951E,  30, 1000, TD,  35, NEQ,    0,    0,    0,    0, 1006,  105,  40,   0,   0, 
IO, 02, 2002050918,   , BEST,   0,  94N,  951E,  30, 1000, TD,  35, NEQ,    0,    0,    0,    0, 1006,  105,  40,   0,   0, 
IO, 02, 2002051000,   , BEST,   0,  99N,  951E,  30, 1000, TD,  35, NEQ,    0,    0,    0,    0, 1006,  105,  40,   0,   0, 
IO, 02, 2002051006,   , BEST,   0, 105N,  953E,  30, 1000, TD,  35, NEQ,    0,    0,    0,    0, 1006,  115,  40,   0,   0, 
IO, 02, 2002051012,   , BEST,   0, 110N,  955E,  35,  997, TS,  35, NEQ,    0,    0,    0,    0, 1005,  115,  40,   0,   0, 
IO, 02, 2002051018,   , BEST,   0, 115N,  955E,  35,  997, TS,  35, NEQ,    0,    0,    0,    0, 1005,  115,  40,   0,   0, 
IO, 02, 2002051100,   , BEST,   0, 121N,  954E,  35,  997, TS,  35, NEQ,    0,    0,    0,    0, 1005,  115,  40,   0,   0, 
IO, 02, 2002051106,   , BEST,   0, 129N,  954E,  45,  991, TS,  35, NEQ,   40,   40,   40,   40, 1005,  120,  20,   0,   0, 
IO, 02, 2002051112,   , BEST,   0, 140N,  955E,  45,  991, TS,  35, NEQ,   40,   40,   40,   40, 1005,  120,  20,   0,   0, 
IO, 02, 2002051118,   , BEST,   0, 153N,  958E,  45,  991, TS,  35, NEQ,   50,   50,   50,   50, 1005,  120,  20,   0,   0, 
IO, 02, 2002051200,   , BEST,   0, 168N,  962E,  35,  997, TS,  35, NEQ,   50,   50,   50,   50, 1005,  120,  20,   0,   0, 
IO, 02, 2002051206,   , BEST,   0, 183N,  966E,  25, 1002, TD,   0,    ,    0,    0,    0,    0, 
IO, 02, 2002051212,   , BEST,   0, 192N,  974E,  15, 1006, TD,   0,    ,    0,    0,    0,    0, 
