IO, 04, 2004110112,   , BEST,   0,  94N,  678E,  20, 1004, DB,   0,    ,    0,    0,    0,    0, 
IO, 04, 2004110118,   , BEST,   0, 100N,  671E,  20, 1004, DB,   0,    ,    0,    0,    0,    0, 
IO, 04, 2004110200,   , BEST,   0, 104N,  663E,  20, 1004, DB,   0,    ,    0,    0,    0,    0, 
IO, 04, 2004110206,   , BEST,   0, 113N,  664E,  25, 1002, TD,   0,    ,    0,    0,    0,    0, 1008,  120,  50,   0,   0, 
IO, 04, 2004110212,   , BEST,   0, 121N,  666E,  25, 1002, TD,   0,    ,    0,    0,    0,    0, 1008,  120,  50,   0,   0, 
IO, 04, 2004110218,   , BEST,   0, 127N,  670E,  25, 1002, TD,   0,    ,    0,    0,    0,    0, 
IO, 04, 2004110300,   , BEST,   0, 133N,  672E,  25, 1002, TD,   0,    ,    0,    0,    0,    0, 
IO, 04, 2004110306,   , BEST,   0, 138N,  669E,  25, 1002, TD,   0,    ,    0,    0,    0,    0, 1008,  120,  50,   0,   0, 
IO, 04, 2004110312,   , BEST,   0, 143N,  667E,  25, 1002, TD,   0,    ,    0,    0,    0,    0, 1008,  120,  50,   0,   0, 
IO, 04, 2004110318,   , BEST,   0, 148N,  666E,  25, 1002, TD,   0,    ,    0,    0,    0,    0, 
IO, 04, 2004110400,   , BEST,   0, 148N,  663E,  30, 1000, TD,   0,    ,    0,    0,    0,    0, 1008,  120,  50,   0,   0, 
IO, 04, 2004110406,   , BEST,   0, 147N,  660E,  35,  997, TS,   0,    ,    0,    0,    0,    0, 1006,  120,  45,   0,   0, 
IO, 04, 2004110412,   , BEST,   0, 145N,  658E,  35,  997, TS,  34, NEQ,   35,   35,   35,   40,    0,    0,   0,  45,   0, 
IO, 04, 2004110418,   , BEST,   0, 142N,  657E,  35,  997, TS,  34, NEQ,   50,   30,   30,   50, 1006,  120,  40,   0,   0, 
IO, 04, 2004110500,   , BEST,   0, 140N,  654E,  35,  997, TS,  34, NEQ,   50,   30,   30,   50,    0,    0,   0,  45,   0, 
IO, 04, 2004110506,   , BEST,   0, 139N,  648E,  40,  994, TS,  34, NEQ,   75,   80,   80,   70,    0,    0,   0,  50,   0, 
IO, 04, 2004110512,   , BEST,   0, 142N,  642E,  40,  994, TS,  34, NEQ,   70,   70,   60,   60,    0,    0,   0,  45,   0, 
IO, 04, 2004110518,   , BEST,   0, 143N,  634E,  40,  994, TS,  34, NEQ,  100,   70,   60,   70,    0,    0,   0,  45,   0, 
IO, 04, 2004110600,   , BEST,   0, 145N,  625E,  35,  997, TS,  34, NEQ,  110,  110,   70,   70,    0,    0,   0,  50,   0, 
IO, 04, 2004110606,   , BEST,   0, 147N,  616E,  35,  997, TS,  34, NEQ,  110,   80,   70,   90,    0,    0,   0,  50,   0, 
IO, 04, 2004110612,   , BEST,   0, 149N,  606E,  35,  997, TS,  34, NEQ,  100,   70,   70,  100,    0,    0,   0,  45,   0, 
IO, 04, 2004110618,   , BEST,   0, 150N,  595E,  35,  997, TS,  34, NEQ,  100,   70,   70,  100,    0,    0,   0,  40,   0, 
IO, 04, 2004110700,   , BEST,   0, 150N,  584E,  35,  997, TS,  34, NEQ,  100,   70,   70,  100,    0,    0,   0,  45,   0, 
IO, 04, 2004110706,   , BEST,   0, 142N,  576E,  35,  997, TS,  34, NEQ,  100,   70,   70,  100,    0,    0,   0,  45,   0, 
IO, 04, 2004110712,   , BEST,   0, 134N,  568E,  25, 1002, TD,   0,    ,    0,    0,    0,    0,    0,    0,   0,  35,   0, 
IO, 04, 2004110718,   , BEST,   0, 128N,  559E,  25, 1002, TD,   0,    ,    0,    0,    0,    0,    0,    0,   0,  35,   0, 
IO, 04, 2004110800,   , BEST,   0, 124N,  549E,  25, 1002, TD,   0,    ,    0,    0,    0,    0, 
IO, 04, 2004110806,   , BEST,   0, 122N,  538E,  25, 1002, TD,   0,    ,    0,    0,    0,    0, 
IO, 04, 2004110812,   , BEST,   0, 119N,  527E,  25, 1002, TD,   0,    ,    0,    0,    0,    0, 
