IO, 01, 2005010700,   , BEST,   0,  35N,  851E,  15, 1006, TD,   0,    ,    0,    0,    0,    0, 
IO, 01, 2005010712,   , BEST,   0,  36N,  846E,  15, 1006, TD,   0,    ,    0,    0,    0,    0, 
IO, 01, 2005010718,   , BEST,   0,  37N,  844E,  20, 1004, TD,   0,    ,    0,    0,    0,    0, 1006,  100,  45,   0,   0, 
IO, 01, 2005010800,   , BEST,   0,  38N,  842E,  20, 1004, TD,   0,    ,    0,    0,    0,    0, 1006,  100,  45,   0,   0, 
IO, 01, 2005010806,   , BEST,   0,  39N,  839E,  25, 1002, TD,   0,    ,    0,    0,    0,    0, 1006,  100,  45,   0,   0, 
IO, 01, 2005010812,   , BEST,   0,  42N,  837E,  30, 1000, TD,   0,    ,    0,    0,    0,    0, 
IO, 01, 2005010818,   , BEST,   0,  47N,  835E,  30, 1000, TD,   0,    ,    0,    0,    0,    0,    0,    0,   0,  35,   0, 
IO, 01, 2005010900,   , BEST,   0,  52N,  834E,  25, 1002, TD,   0,    ,    0,    0,    0,    0,    0,    0,   0,  35,   0, 
IO, 01, 2005010906,   , BEST,   0,  55N,  833E,  25, 1002, TD,   0,    ,    0,    0,    0,    0,    0,    0,   0,  35,   0, 
IO, 01, 2005010912,   , BEST,   0,  58N,  832E,  25, 1002, TD,   0,    ,    0,    0,    0,    0,    0,    0,   0,  35,   0, 
IO, 01, 2005010918,   , BEST,   0,  61N,  832E,  25, 1002, TD,   0,    ,    0,    0,    0,    0,    0,    0,   0,  35,   0, 
IO, 01, 2005011000,   , BEST,   0,  64N,  832E,  25, 1002, TD,   0,    ,    0,    0,    0,    0,    0,    0,   0,  35,   0, 
IO, 01, 2005011006,   , BEST,   0,  67N,  831E,  20, 1004, TD,   0,    ,    0,    0,    0,    0,    0,    0,   0,  30,   0, 
IO, 01, 2005011012,   , BEST,   0,  70N,  830E,  20, 1004, TD,   0,    ,    0,    0,    0,    0, 
