IO, 05, 2002122106,   , BEST,   0,  19N,  787E,  25, 1002, TD,   0,    ,    0,    0,    0,    0, 
IO, 05, 2002122112,   , BEST,   0,  22N,  789E,  25, 1002, TD,   0,    ,    0,    0,    0,    0, 
IO, 05, 2002122118,   , BEST,   0,  26N,  794E,  25, 1002, TD,  34, NEQ,    0,    0,    0,    0, 1008,  120,  50,   0,   0, 
IO, 05, 2002122200,   , BEST,   0,  30N,  799E,  25, 1002, TD,  34, NEQ,    0,    0,    0,    0, 1008,  120,  50,   0,   0, 
IO, 05, 2002122206,   , BEST,   0,  34N,  804E,  25, 1002, TD,  34, NEQ,    0,    0,    0,    0, 1008,  120,  50,   0,   0, 
IO, 05, 2002122212,   , BEST,   0,  35N,  806E,  25, 1002, TD,   0,    ,    0,    0,    0,    0, 
IO, 05, 2002122218,   , BEST,   0,  37N,  807E,  30, 1000, TD,  34, NEQ,    0,    0,    0,    0, 1007,  110,  50,   0,   0, 
IO, 05, 2002122300,   , BEST,   0,  39N,  808E,  30, 1000, TD,  34, NEQ,    0,    0,    0,    0, 1007,  110,  50,   0,   0, 
IO, 05, 2002122306,   , BEST,   0,  42N,  810E,  30, 1000, TD,  34, NEQ,    0,    0,    0,    0, 1006,  110,  50,   0,   0, 
IO, 05, 2002122312,   , BEST,   0,  47N,  814E,  30, 1000, TD,  34, NEQ,    0,    0,    0,    0, 1006,  110,  50,   0,   0, 
IO, 05, 2002122318,   , BEST,   0,  51N,  820E,  35,  997, TS,  34, NEQ,   60,   60,   60,   60, 1006,  120,  60,   0,   0, 
IO, 05, 2002122400,   , BEST,   0,  55N,  826E,  35,  997, TS,   0,    ,    0,    0,    0,    0, 
IO, 05, 2002122406,   , BEST,   0,  58N,  832E,  35,  997, TS,  34, NEQ,   60,   60,   60,   60, 1006,  120,  60,   0,   0, 
IO, 05, 2002122412,   , BEST,   0,  62N,  839E,  35,  997, TS,  34, NEQ,   60,   60,   60,   60, 1006,  120,  60,   0,   0, 
IO, 05, 2002122418,   , BEST,   0,  67N,  846E,  35,  997, TS,  34, NEQ,   60,   60,   60,   60, 1006,  120,  60,   0,   0, 
IO, 05, 2002122500,   , BEST,   0,  71N,  851E,  35,  997, TS,  34, NEQ,   60,   60,   60,   60, 1006,  120,  60,   0,   0, 
IO, 05, 2002122506,   , BEST,   0,  76N,  856E,  35,  997, TS,  34, NEQ,   60,   60,   60,   60, 1006,  120,  60,   0,   0, 
IO, 05, 2002122512,   , BEST,   0,  80N,  861E,  35,  997, TS,  34, NEQ,   60,   60,   60,   60, 1006,  120,  60,   0,   0, 
IO, 05, 2002122518,   , BEST,   0,  82N,  867E,  30, 1000, TD,   0,    ,    0,    0,    0,    0, 
