IO, 05, 2004112700,   , BEST,   0,  16N,  724E,  20, 1004, TD,   0,    ,    0,    0,    0,    0, 1006,  100,  45,   0,   0, 
IO, 05, 2004112706,   , BEST,   0,  15N,  715E,  20, 1004, TD,   0,    ,    0,    0,    0,    0, 1007,   80,  55,   0,   0, 
IO, 05, 2004112712,   , BEST,   0,  12N,  707E,  20, 1004, TD,   0,    ,    0,    0,    0,    0, 1007,   90,  50,   0,   0, 
IO, 05, 2004112718,   , BEST,   0,   9N,  699E,  30, 1000, TD,   0,    ,    0,    0,    0,    0, 1008,  110,  50,   0,   0, 
IO, 05, 2004112800,   , BEST,   0,   7N,  690E,  35,  997, TS,   0,    ,    0,    0,    0,    0, 1008,  120,  50,   0,   0, 
IO, 05, 2004112806,   , BEST,   0,   8N,  683E,  40,  994, TS,   0,    ,    0,    0,    0,    0,    0,    0,   0,  45,   0, 
IO, 05, 2004112812,   , BEST,   0,  11N,  675E,  45,  991, TS,  34, NEQ,   55,   55,   50,   55,    0,    0,   0,  50,   0, 
IO, 05, 2004112818,   , BEST,   0,  15N,  667E,  50,  987, TS,  34, NEQ,   90,  100,   90,  120, 1008,  130,  25,   0,   0, 
IO, 05, 2004112900,   , BEST,   0,  20N,  659E,  60,  980, TS,  34, NEQ,   90,   90,  120,  120,    0,    0,   0,  70,   0, 
IO, 05, 2004112900,   , BEST,   0,  20N,  659E,  60,  980, TS,  50, NEQ,   25,   25,   25,   25,    0,    0,   0,  70,   0, 
IO, 05, 2004112906,   , BEST,   0,  27N,  650E,  65,  976, TY,  34, NEQ,   90,   90,  120,  120, 1007,  130,  25,   0,   0, 
IO, 05, 2004112906,   , BEST,   0,  27N,  650E,  65,  976, TY,  50, NEQ,   35,   35,   45,   45, 1007,  130,  25,   0,   0, 
IO, 05, 2004112912,   , BEST,   0,  35N,  643E,  65,  976, TY,  34, NEQ,   65,   70,   90,  110,    0,    0,   0,  80,   0, 
IO, 05, 2004112912,   , BEST,   0,  35N,  643E,  65,  976, TY,  50, NEQ,   25,   25,   30,   40,    0,    0,   0,  80,   0, 
IO, 05, 2004112918,   , BEST,   0,  43N,  636E,  55,  984, TS,  34, NEQ,   70,   70,   90,   90,    0,    0,   0,  80,   0, 
IO, 05, 2004112918,   , BEST,   0,  43N,  636E,  55,  984, TS,  50, NEQ,   25,   25,   30,   30,    0,    0,   0,  80,   0, 
IO, 05, 2004113000,   , BEST,   0,  51N,  629E,  60,  980, TS,  34, NEQ,   70,   70,   90,  100, 1007,  120,  15,   0,   0, 
IO, 05, 2004113000,   , BEST,   0,  51N,  629E,  60,  980, TS,  50, NEQ,   25,   25,   30,   30, 1007,  120,  15,   0,   0, 
IO, 05, 2004113006,   , BEST,   0,  57N,  618E,  65,  976, TY,  34, NEQ,   80,   70,   80,   90,    0,    0,   0,  80,   0, 
IO, 05, 2004113006,   , BEST,   0,  57N,  618E,  65,  976, TY,  50, NEQ,   30,   30,   30,   30,    0,    0,   0,  80,   0, 
IO, 05, 2004113012,   , BEST,   0,  61N,  608E,  65,  976, TY,  34, NEQ,   80,   70,   80,   90, 1007,  120,  15,   0,   0, 
IO, 05, 2004113012,   , BEST,   0,  61N,  608E,  65,  976, TY,  50, NEQ,   30,   30,   30,   30, 1007,  120,  15,   0,   0, 
IO, 05, 2004113018,   , BEST,   0,  65N,  599E,  65,  976, TY,  34, NEQ,   80,   70,   70,   80,    0,    0,   0,  70,   0, 
IO, 05, 2004113018,   , BEST,   0,  65N,  599E,  65,  976, TY,  50, NEQ,   30,   30,   30,   30,    0,    0,   0,  70,   0, 
IO, 05, 2004120100,   , BEST,   0,  70N,  594E,  60,  980, TS,  34, NEQ,   80,   70,   70,   85, 1007,  120,  20,   0,   0, 
IO, 05, 2004120100,   , BEST,   0,  70N,  594E,  60,  980, TS,  50, NEQ,   30,   30,   30,   30, 1007,  120,  20,   0,   0, 
IO, 05, 2004120106,   , BEST,   0,  75N,  589E,  55,  984, TS,  34, NEQ,   75,   65,   65,   85,    0,    0,   0,  70,   0, 
IO, 05, 2004120106,   , BEST,   0,  75N,  589E,  55,  984, TS,  50, NEQ,   30,   30,   30,   30,    0,    0,   0,  70,   0, 
IO, 05, 2004120112,   , BEST,   0,  78N,  582E,  50,  987, TS,  34, NEQ,   75,   65,   65,   85, 1007,  120,  20,   0,   0, 
IO, 05, 2004120118,   , BEST,   0,  78N,  574E,  45,  991, TS,  34, NEQ,   65,   60,   60,   70,    0,    0,   0,  55,   0, 
IO, 05, 2004120200,   , BEST,   0,  79N,  565E,  45,  991, TS,  34, NEQ,   60,   55,   55,   65,    0,    0,   0,  50,   0, 
IO, 05, 2004120206,   , BEST,   0,  82N,  556E,  45,  991, TS,  34, NEQ,   80,   60,   60,   80, 1008,  120,  35,   0,   0, 
IO, 05, 2004120212,   , BEST,   0,  82N,  550E,  40,  994, TS,  34, NEQ,   90,   70,   70,   90,    0,    0,   0,  50,   0, 
IO, 05, 2004120218,   , BEST,   0,  82N,  544E,  40,  994, TS,  34, NEQ,   80,   60,   60,   80, 1006,  120,  25,   0,   0, 
IO, 05, 2004120300,   , BEST,   0,  83N,  539E,  40,  994, TS,  34, NEQ,  100,   50,   50,  100, 1006,  130,  30,   0,   0, 
IO, 05, 2004120306,   , BEST,   0,  83N,  534E,  40,  994, TS,  34, NEQ,  100,   50,   50,  100,    0,    0,   0,  50,   0, 
IO, 05, 2004120312,   , BEST,   0,  82N,  529E,  35,  997, TS,  34, NEQ,  100,   50,   50,  100, 1006,  120,  30,   0,   0, 
IO, 05, 2004120318,   , BEST,   0,  79N,  521E,  30, 1000, TD,   0,    ,    0,    0,    0,    0,    0,    0,   0,  40,   0, 
IO, 05, 2004120400,   , BEST,   0,  75N,  513E,  30, 1000, TD,   0,    ,    0,    0,    0,    0, 
IO, 05, 2004120406,   , BEST,   0,  69N,  503E,  30, 1000, TD,   0,    ,    0,    0,    0,    0, 
IO, 05, 2004120412,   , BEST,   0,  61N,  492E,  25, 1002, DB,   0,    ,    0,    0,    0,    0, 
IO, 05, 2004120418,   , BEST,   0,  46N,  479E,  25, 1002, DB,   0,    ,    0,    0,    0,    0, 
IO, 05, 2004120500,   , BEST,   0,  34N,  464E,  25, 1002, DB,   0,    ,    0,    0,    0,    0, 
IO, 05, 2004120506,   , BEST,   0,  19N,  465E,  20, 1004, DB,   0,    ,    0,    0,    0,    0, 
