IO, 03, 2003121106,   , BEST,   0,  45N,  917E,  25, 1002, TD,   0,    ,    0,    0,    0,    0, 1008,  150,  50,   0,   0, 
IO, 03, 2003121112,   , BEST,   0,  50N,  907E,  25, 1002, TD,   0,    ,    0,    0,    0,    0, 1008,  150,  50,   0,   0, 
IO, 03, 2003121118,   , BEST,   0,  56N,  898E,  25, 1002, TD,   0,    ,    0,    0,    0,    0, 1008,  150,  50,   0,   0, 
IO, 03, 2003121200,   , BEST,   0,  64N,  890E,  25, 1002, TD,   0,    ,    0,    0,    0,    0, 1008,  120,  50,   0,   0, 
IO, 03, 2003121206,   , BEST,   0,  73N,  889E,  25, 1002, TD,   0,    ,    0,    0,    0,    0, 1008,  120,  50,   0,   0, 
IO, 03, 2003121212,   , BEST,   0,  77N,  887E,  25, 1002, TD,   0,    ,    0,    0,    0,    0, 1008,  120,  50,   0,   0, 
IO, 03, 2003121218,   , BEST,   0,  79N,  884E,  30, 1000, TD,   0,    ,    0,    0,    0,    0, 1008,  120,  50,   0,   0, 
IO, 03, 2003121300,   , BEST,   0,  81N,  881E,  30, 1000, TD,   0,    ,    0,    0,    0,    0, 
IO, 03, 2003121306,   , BEST,   0,  84N,  875E,  30, 1000, TD,   0,    ,    0,    0,    0,    0, 1008,  120,  50,   0,   0, 
IO, 03, 2003121312,   , BEST,   0,  89N,  867E,  35,  997, TS,   0,    ,    0,    0,    0,    0, 1008,  130,  50,   0,   0, 
IO, 03, 2003121318,   , BEST,   0,  93N,  861E,  35,  997, TS,  34, NEQ,   50,   30,   30,   50, 1008,   75,  25,   0,   0, 
IO, 03, 2003121400,   , BEST,   0, 100N,  855E,  35,  997, TS,  34, NEQ,   50,   30,   30,   50, 
IO, 03, 2003121406,   , BEST,   0, 108N,  847E,  45,  991, TS,  34, NEQ,  100,   60,   60,  120, 1008,  160,  25,   0,   0, 
IO, 03, 2003121412,   , BEST,   0, 114N,  840E,  45,  991, TS,  34, NEQ,  100,   60,   60,  120, 1008,  160,  25,   0,   0, 
IO, 03, 2003121418,   , BEST,   0, 124N,  832E,  45,  991, TS,  34, NEQ,  180,  100,  100,  180, 1007,  300,  30,   0,   0, 
IO, 03, 2003121500,   , BEST,   0, 135N,  823E,  50,  987, TS,  34, NEQ,  180,  100,  100,  180, 
IO, 03, 2003121500,   , BEST,   0, 135N,  823E,  50,  987, TS,  50, AAA,   20,    0,    0,    0, 
IO, 03, 2003121506,   , BEST,   0, 147N,  814E,  55,  984, TS,  34, NEQ,  170,  120,  120,  170, 1009,  270,  15,   0,   0, 
IO, 03, 2003121506,   , BEST,   0, 147N,  814E,  55,  984, TS,  50, AAA,   20,    0,    0,    0, 1009,  270,  15,   0,   0, 
IO, 03, 2003121512,   , BEST,   0, 156N,  811E,  55,  984, TC,  34, NEQ,  170,  120,  120,  170, 
IO, 03, 2003121512,   , BEST,   0, 156N,  811E,  55,  984, TC,  50, AAA,   20,    0,    0,    0, 
IO, 03, 2003121518,   , BEST,   0, 166N,  811E,  50,  987, TS,  34, NEQ,  170,  120,  120,  170, 1008,  150,  15,   0,   0, 
IO, 03, 2003121600,   , BEST,   0, 177N,  813E,  35,  997, TS,  34, NEQ,  170,  120,  120,  170, 1008,  150,  40,   0,   0, 
IO, 03, 2003121606,   , BEST,   0, 184N,  816E,  30, 1000, TD,   0,    ,    0,    0,    0,    0, 
