IO, 02, 2005011118,   , BEST,   0,  40N,  898E,  20, 1004, DB,   0,    ,    0,    0,    0,    0, 1006,  120,  45,   0,   0, 
IO, 02, 2005011200,   , BEST,   0,  44N,  899E,  20, 1004, DB,   0,    ,    0,    0,    0,    0, 
IO, 02, 2005011206,   , BEST,   0,  47N,  897E,  20, 1004, DB,   0,    ,    0,    0,    0,    0, 
IO, 02, 2005011212,   , BEST,   0,  50N,  894E,  20, 1004, DB,   0,    ,    0,    0,    0,    0, 
IO, 02, 2005011218,   , BEST,   0,  53N,  889E,  20, 1004, DB,   0,    ,    0,    0,    0,    0, 
IO, 02, 2005011300,   , BEST,   0,  52N,  881E,  25, 1002, TD,   0,    ,    0,    0,    0,    0, 1007,  110,  40,   0,   0, 
IO, 02, 2005011306,   , BEST,   0,  54N,  875E,  30, 1000, TD,   0,    ,    0,    0,    0,    0, 1006,  120,  45,   0,   0, 
IO, 02, 2005011312,   , BEST,   0,  56N,  872E,  30, 1000, TD,   0,    ,    0,    0,    0,    0, 1006,  120,  45,   0,   0, 
IO, 02, 2005011318,   , BEST,   0,  59N,  873E,  30, 1002, TD,   0,    ,    0,    0,    0,    0, 1006,  120,  45,   0,   0, 
IO, 02, 2005011400,   , BEST,   0,  58N,  876E,  30, 1000, TD,   0,    ,    0,    0,    0,    0, 1006,  150,  40,   0,   0, 
IO, 02, 2005011406,   , BEST,   0,  54N,  876E,  30, 1000, TD,   0,    ,    0,    0,    0,    0, 1006,  150,  40,   0,   0, 
IO, 02, 2005011412,   , BEST,   0,  51N,  874E,  35,  997, TS,   0,    ,    0,    0,    0,    0, 1006,  140,  40,   0,   0, 
IO, 02, 2005011418,   , BEST,   0,  51N,  871E,  35,  997, TS,   0,    ,    0,    0,    0,    0,    0,    0,   0,  45,   0, 
IO, 02, 2005011500,   , BEST,   0,  50N,  869E,  35,  997, TS,   0,    ,    0,    0,    0,    0,    0,    0,   0,  45,   0, 
IO, 02, 2005011506,   , BEST,   0,  50N,  866E,  35,  997, TS,   0,    ,    0,    0,    0,    0,    0,    0,   0,  45,   0, 
IO, 02, 2005011512,   , BEST,   0,  48N,  864E,  35,  997, TS,   0,    ,    0,    0,    0,    0,    0,    0,   0,  45,   0, 
IO, 02, 2005011518,   , BEST,   0,  45N,  864E,  35,  997, TS,   0,    ,    0,    0,    0,    0,    0,    0,   0,  45,   0, 
IO, 02, 2005011600,   , BEST,   0,  42N,  864E,  35,  997, TS,   0,    ,    0,    0,    0,    0,    0,    0,   0,  45,   0, 
IO, 02, 2005011606,   , BEST,   0,  45N,  863E,  35,  997, TS,   0,    ,    0,    0,    0,    0,    0,    0,   0,  45,   0, 
IO, 02, 2005011612,   , BEST,   0,  46N,  859E,  35,  997, TS,   0,    ,    0,    0,    0,    0,    0,    0,   0,  45,   0, 
IO, 02, 2005011618,   , BEST,   0,  49N,  856E,  30, 1000, TD,   0,    ,    0,    0,    0,    0,    0,    0,   0,  40,   0, 
IO, 02, 2005011700,   , BEST,   0,  47N,  852E,  25, 1002, TD,   0,    ,    0,    0,    0,    0,    0,    0,   0,  35,   0, 
IO, 02, 2005011706,   , BEST,   0,  43N,  851E,  20, 1004, TD,   0,    ,    0,    0,    0,    0, 
